42
34
-2692 1143
1881 -391
-1547 -3021
325 -783
309 -2622
-1068 -2312
-3243 -1811
1736 -190
2943 -2823
-1189 3270
-1423 -558
452 -1328
-908 -780
1101 -1035
767 1501
-1772 -2196
-171 -740
615 -87
-2213 2383
313 -170
1365 -2810
599 -2654
1308 1328
-756 2529
1191 -90
2639 3059
676 -1718
43 1498
3150 -66
-1817 -623
-3119 7
236 1992
3132 -299
1231 2487
-2170 2003
3062 -817
25
2563 -2240
2189 -2594
-265 1911
3185 158
-3091 -2583
1574 -2215
994 2058
2502 -288
1036 -580
-1027 -1808
2783 -2222
1623 3097
-1647 514
2359 -1748
2501 -1422
2086 1668
679 -1793
-2161 -667
-310 -247
3093 -2673
-1379 2457
-49 1803
1200 1397
2426 -3164
443 -1791
2522 -1534
-218 -2040
23
-2959 234
-723 -3168
365 -1270
2821 -1625
2097 -1625
-1848 -2653
775 -1821
2174 -1969
853 3171
-918 1781
-1871 -2700
-1262 3165
-1330 -2217
-3039 -553
-2338 712
3094 -605
-1478 -393
-1799 1007
2823 969
-515 -1745
-2830 1472
2883 -2211
3113 -285
1076 -2056
12 -2334
15
614 165
-3196 -2478
-3205 -987
-2952 -844
-3092 -321
3216 138
2666 1480
829 1553
2680 -2637
-3140 1205
-319 2084
-3055 1604
2563 -3059
2028 -1212
-965 1256
-2096 547
-1358 -2403
41
1347 865
2436 -877
2969 -755
-390 1677
1252 996
3009 2755
3018 1624
1813 -2343
2756 3021
1051 -910
1429 -958
-2012 738
2478 -2951
1929 2153
2992 981
-828 2449
-1825 552
2179 -512
1043 -1048
899 526
1012 -1492
-2003 1083
3095 3166
-501 647
373 2433
-216 -2631
2815 -2515
288 991
-917 -1683
66 2529
-3101 1993
1579 1472
102 -2111
-1453 1730
-2983 1240
-785 1951
2012 -166
-2113 118
2718 1953
-3068 -978
-865 -438
973 2911
3250 -409
2
-1724 1789
935 946
-407 1395
-1229 -1107
60
7 3156
1529 -810
-2102 -275
-3250 -3131
2071 3212
-1637 153
-1296 1299
-442 1660
458 -2940
-2998 809
2803 -2027
-3097 2667
-567 -1124
-2442 -1554
-1548 -1465
1897 -2690
-2153 760
-776 -1687
-2888 354
-3137 -2490
684 -1834
-12 -446
-2878 1739
2304 2069
1694 -1904
-366 -2373
2765 -630
1192 -2829
1448 2224
1373 2694
407 749
-2394 1850
-2549 -972
2739 2259
-475 -1458
2508 -275
-1787 -2547
-1774 2585
2534 -3022
-1933 679
930 2938
337 645
-3179 2271
-2193 800
1368 -3187
-2528 1268
497 678
-2322 3230
-372 -436
-1837 -1111
-436 -321
-2318 2293
-3082 -869
3275 500
1945 -183
-1339 -1920
-2741 -1774
731 -97
-765 200
591 1345
864 1473
419 738
5
1766 2897
1770 2880
42 -2385
-2881 -3039
-818 2452
983 290
866 -1678
69
3155 1160
-2390 -2306
-2281 3180
-3231 -2624
2434 1488
2153 256
3135 -2133
608 -2688
1647 1685
-1352 2414
667 840
-1033 -2810
1954 -709
-3150 2639
-288 2797
2742 -2827
1084 -289
-1848 2460
1743 683
475 -2610
-3146 2554
55 1501
1193 781
-2690 -2915
2479 3216
3191 -1895
-1222 2380
-66 -2682
-2860 786
2038 1813
-1670 3001
709 -2108
1701 -2872
-2073 1525
424 -1195
-468 -172
-1952 -1405
-1794 -2064
-2004 2551
-390 -1163
1139 -1370
2383 240
-1564 2670
-1258 -2913
2167 214
3257 2060
-1659 1571
3048 1461
-737 1828
1983 -1646
-294 -1208
-3142 1740
-1154 -310
1404 -1912
-2070 -1629
-118 2619
-1614 -1132
3058 -1805
-3018 -1034
-277 2575
-1822 -1833
1691 1976
-2607 -90
1594 -368
-264 -521
1904 2067
-1600 348
898 -1630
-593 -1458
2925 2488
-1571 -498
23
-338 -1476
1894 -1495
217 1396
1438 1894
-1754 388
-2975 -159
-1815 -58
1686 -1906
-2618 1602
2066 -120
-2041 -2469
1975 -195
1521 1433
-1669 -3191
-2116 2344
-3136 3229
-1794 -1228
2606 650
-2518 1669
2070 458
-1170 2559
-875 2437
684 -702
-36 720
1693 -1682
82
-2920 -287
2866 1176
-2921 -1365
-1280 2922
-2701 1077
-930 2874
1882 1624
-1299 -2432
-903 561
1434 -2027
-3203 2423
-1844 718
-3019 -500
1163 1422
-1337 -310
-1004 2218
1378 -1923
2376 429
-1595 -2384
-2933 1033
2742 -1868
-1503 -2499
-3263 2757
-1660 -2462
3149 1899
2670 3034
1665 -1707
-2956 2976
-490 2850
-585 2275
2400 -333
-88 2332
2609 96
-2986 2580
434 2890
2311 -2354
1074 -2864
-1651 2994
-2148 -3246
463 -1169
3274 -1743
1343 1588
2777 -1817
55 1284
1009 1766
1836 1535
2284 1499
486 -1754
-623 -2501
1635 -333
14 108
-555 621
395 -1737
-1990 -2604
-1739 1389
-11 -688
-3112 -1078
1045 -2589
-1590 -3257
-760 -828
-898 -1360
-2138 -1148
-441 2364
1993 -3003
-339 -3244
707 2155
2731 1129
-488 -3179
-2085 1528
1128 294
2494 -2962
923 -1891
-721 -1051
-2925 -2971
2444 -1678
-2851 911
-1366 -2033
-662 2510
715 711
1826 1326
-2555 3222
2184 2294
2368 -1096
-2728 836
10
2631 3260
225 1805
-3212 2337
3049 -2494
964 1971
1731 1849
-1906 2972
771 -2448
-2908 -780
-1509 -104
738 1387
1361 1482
67
842 1351
2670 2261
1575 3080
-156 1434
257 -1099
1061 2118
-3266 -2199
-1933 -1802
-667 -1536
679 -1717
248 2617
-3249 2993
438 1622
2761 -1472
2576 -3266
2894 -1133
-696 -1645
782 -429
1427 -2322
569 2871
-1519 -2828
-1905 -111
-2449 874
-778 975
-2054 -2985
-61 2946
794 -355
1809 475
-2993 -2846
191 -2056
1163 -2477
-3265 892
458 -847
-2632 -1524
-1012 -697
-1215 -3266
-2235 -2561
-2370 -1192
-2330 1612
-328 2344
2802 1545
-1340 2263
-2229 2084
-1573 1650
-2993 1677
-2104 -986
2699 -2712
-1644 2059
1473 -1697
-313 1476
605 1826
2021 84
1991 1461
-3092 1921
-3256 -2179
2527 -648
300 -2527
-2570 -1476
-1240 -1164
95 -2055
-1320 -899
838 150
-1414 697
-1446 1710
355 -42
2838 -1336
952 1414
-1068 -400
-84 2088
36
-3028 -3218
-1702 -1370
-2172 -1485
1889 3126
-2056 -48
-249 19
3268 3267
-103 3008
1237 -1613
1496 2644
-445 1495
-1482 -1454
943 -1807
-3136 -427
2561 2676
3188 2631
-2914 -2904
2209 2497
406 2724
3175 2388
-886 1735
1731 1990
-462 -1766
673 1144
2458 -356
2426 -1784
2037 -1712
1580 -86
-56 2171
437 2199
2000 -1171
-2099 2523
-1768 766
-2161 -3067
-374 -3188
-1611 2981
3231 871
-3008 -2717
4
-1763 -54
2396 -523
2376 -1906
-1346 2872
-3091 1498
-3191 2260
97
-275 2393
376 2570
583 -981
919 57
453 -2287
-1079 -823
1230 -105
-497 1130
1386 -1731
2095 -2828
1972 1166
-1714 1035
3034 -1804
-2340 -265
-2175 -1972
-2852 2920
-1740 -757
-1434 -2832
2329 2239
-1766 1283
-2247 -352
1634 949
302 -387
-2187 2571
-1115 136
-1107 -3007
1318 -1686
2402 -2024
-2546 1097
-2726 3092
-1959 1538
2014 -1757
2400 -2051
1892 1316
1144 2127
389 2375
3230 2418
757 2079
2773 -1327
-1331 3086
-1485 2440
-1097 1424
2446 1337
-8 -2696
1956 10
1859 -2045
-2836 -2028
-547 -82
-1303 1134
-2845 -1099
875 -2513
2484 1797
-2984 573
1284 -295
3116 831
-1042 2206
3064 514
417 -264
2897 860
-332 544
1615 -1778
2447 2239
1996 2102
-2281 435
-548 -2651
1628 -1893
-1948 1751
3007 -92
-1868 -1182
-2566 2925
-1630 -572
3056 2954
-1715 -390
2339 1132
2589 -633
-3140 -2619
-1076 298
2083 -576
799 -656
-881 1087
-3052 1263
-1301 2450
3005 -1902
203 181
-3159 21
3050 60
-3115 2532
2096 -1255
-3242 3072
-1173 -654
1335 -1740
-3232 1385
-788 -1095
-2424 2086
1229 108
2019 -2221
769 1638
-979 -2808
1728 -1029
8
-606 -2981
-1755 1058
-3132 2798
-3274 -3203
-2721 -2308
-1179 2554
2181 1169
562 -2759
-94 506
1022 -2411
27
-3271 -733
1853 1867
-145 -1519
-958 721
-3120 846
-146 -1792
2832 -2470
1018 -2887
1171 1104
-262 -2238
2423 113
2233 -2848
1794 2317
2442 -2679
374 521
-767 2863
1293 -317
-2205 2922
469 -2668
-1298 1118
2771 3187
-2499 -1784
-598 -2592
-1900 1063
-2687 -3154
1707 843
1133 175
-656 -2298
-1256 -1258
38
1103 -377
2847 1050
-2307 2556
2002 265
-2988 -2578
193 1125
-1238 -3064
1281 -773
2370 -2777
92 64
965 -256
-1537 -2057
-2200 -1353
3050 -2852
2587 1373
-177 -675
-1576 304
1413 2022
1750 -2831
1983 1837
-1099 2971
1752 -1344
1642 -102
2088 2103
-1264 -502
1370 1093
2659 -2337
1572 -635
-1224 -2897
-3266 225
-548 -1868
-690 -1927
-1075 3147
1993 -1207
-2478 428
-3006 2970
-621 2088
334 1160
-673 -257
732 1989
75
-1531 3261
527 -2736
-1411 -1264
1888 713
-1916 2683
-803 2029
885 -2960
-2720 -2171
1231 174
-2158 -2817
-2717 2308
1573 -2220
511 39
2018 -2775
-3225 -2998
190 647
-544 -2743
-686 -1690
1380 -1324
-2941 2225
-530 -502
78 2996
-1468 3154
-2428 -1838
-1081 3199
-1316 -2547
-1942 3097
-3154 -609
-3044 -2209
-2711 934
2164 315
811 -2240
-1322 1876
3029 -3191
995 -743
-3167 2527
2120 -1835
1266 2495
3104 86
951 2112
2273 2392
2766 2721
-1617 -1782
1945 1490
-298 -722
968 -1013
3233 -1540
-732 -1585
1188 -3249
-685 2565
-2077 814
1489 142
-1928 -939
2490 373
2501 -1548
1508 -1038
-3235 1036
-49 973
-559 -2285
2127 -2131
1737 -2719
-617 -706
-3092 2890
-1196 2708
2448 2441
-211 -1261
1285 -1426
1661 2113
-2263 3098
-1721 -456
251 3081
-990 -1874
-2328 2185
-564 -2579
2774 1611
-646 428
-3164 1480
17
3248 -2655
-1255 -3186
2607 -2286
-2538 -1859
-89 1692
129 2870
-971 -1996
433 -549
-2788 364
-2984 -2398
643 -1039
-457 -425
2467 3262
117 1148
-1305 2475
1485 42
573 -635
-1027 -669
3042 1027
9
2625 -935
-2852 700
-45 -3046
669 668
554 -1337
-2666 172
-2207 -2877
2455 914
-2341 -1540
-1926 2423
151 3120
100
-3188 -1225
-1973 -552
863 864
-1922 280
1324 -1039
1775 2782
-2229 -1206
2320 548
-2047 -2770
1105 -687
3021 3031
-1714 -1673
565 -1466
1516 1212
-1578 -2198
-1643 3152
-1072 739
2040 3141
-974 2249
2643 1096
-430 -549
-1442 1991
-2785 631
2442 2065
2640 1560
-2124 800
-1249 -356
42 -1554
-1748 1459
-1672 -1904
2434 533
-3055 2445
2566 2735
-18 1885
1263 -567
-2278 -2488
2499 701
1844 654
2120 2337
1440 -1405
1252 2081
311 -1616
-1476 806
238 3240
-2178 1248
137 -2791
2399 2186
423 1907
-1048 -3226
-2535 1350
-2617 2869
1894 2421
2025 -2347
-1044 -1767
-2528 -2805
591 2059
1201 2851
2806 1512
-465 -853
396 -320
2600 941
1848 -158
-17 -2729
2771 2822
939 345
2259 3
939 -2703
-1153 -3114
-1412 -934
-1071 424
3209 -323
747 2651
-161 -1725
1034 657
-1525 2642
-793 1896
485 -1804
3049 1271
-298 2017
-2778 -1345
294 -2973
-1783 2599
2674 -1617
-1223 351
1016 1346
-3171 -1707
209 1045
-867 -2239
-2606 2097
-2223 390
-250 2745
-2535 3229
-2371 498
-1718 -1099
-1021 1976
-3128 3188
825 1778
2610 -2591
2024 -2463
-533 -2482
2591 2227
1963 -470
20
1334 -11
812 1218
940 -576
-2329 -2180
-1130 2887
-2803 -398
-1386 -329
1978 -62
1354 147
-1441 3158
2439 2534
-2092 2244
1542 -1555
2843 -1817
-422 166
-2219 710
-610 275
-999 -2790
-816 1247
2646 1427
2860 -620
573 1307
36
-3078 -1977
-2798 822
-2615 -827
-3256 2750
-2948 1980
-2104 -1071
-86 249
-1668 -275
2188 288
-1214 -1556
1296 -2784
-1201 -2142
-776 2564
477 1089
216 -2336
-1129 2410
-2861 219
-2281 2768
434 1007
1290 1923
874 -2510
2916 -3168
-2920 664
929 907
347 3260
2700 1393
956 2660
-2923 496
2199 -1124
-1775 3098
-3275 1877
-2351 -1233
-236 2299
-195 2609
422 -3120
-2096 1633
-1005 1833
-919 -2913
35
-2145 -2560
2312 -2294
2875 -2116
2775 264
255 -2648
-88 -2475
2600 1150
2321 -3256
1371 -1354
3064 904
-849 -1458
-2471 2549
28 -1283
1942 -1479
-3271 -29
-440 816
149 1017
2762 655
300 -1371
316 626
1963 1456
-616 -3213
535 3053
1831 1564
2911 -942
2453 -788
-33 2655
-2094 2312
-1578 1475
-1416 -1394
-1959 137
-3023 2822
-1925 2941
-102 -2208
2963 -340
-1702 -678
-336 -3248
99
-3055 766
1529 131
-2013 -1979
-618 -2773
-2735 2374
-1331 -2583
-1471 -1263
2874 -815
-2439 1984
809 -1636
-1791 -2352
-1368 817
2493 -2245
2178 195
2278 -2538
-1404 -2660
726 -2973
-822 1910
-683 -1546
823 1812
3117 1678
-1473 2683
-1388 -2459
-2328 -1697
-3214 -2932
162 1540
433 -3105
2138 2899
1223 -3158
2243 1769
2847 -1507
-2856 -3175
1391 459
175 2660
1020 62
3206 8
541 -2663
-130 -498
-1644 2079
2 -896
-1491 -1015
2474 2871
-2615 -1379
-2553 -1921
-820 -399
2037 206
975 637
1522 -3103
3063 3245
-3212 1568
3207 2855
2296 -997
-1591 2711
-2490 -1805
1651 -3081
1751 1282
1663 -36
176 -3093
-2732 -1639
-3151 3040
-460 -2190
996 2156
1303 485
-2587 -514
-364 -748
-1110 866
2525 2174
-2799 -217
-2180 -811
1100 2036
-890 -3114
-810 -3061
-2004 2822
-2615 430
858 2946
2316 -437
2473 -2236
3018 -3240
-948 -2261
2087 -2302
373 1790
611 490
-3249 -2614
-1536 3243
-3176 1778
-2396 2790
-900 1605
2865 2107
180 -2776
-978 -948
796 -3247
665 488
2984 2132
-3130 -17
-1141 -2500
2533 -1656
-276 0
556 -636
-2422 -2143
2150 -2569
-1392 1413
18
-754 2830
-369 1283
2057 -1347
1915 -3048
1603 1603
-649 1176
2966 1769
1088 -1275
-1606 2446
-826 189
-256 -3238
-907 163
-2152 2377
2002 1956
1677 2232
2865 2450
-1008 -2482
2835 -972
1741 -2387
-354 2676
90
-710 -601
910 -1115
2109 2885
985 -2452
1222 1369
-549 -399
2636 -3052
-1337 1613
1690 -962
2871 1041
-953 2692
767 -3132
1758 1225
1994 944
2348 1090
1623 1143
-1940 -3229
-3270 -3179
-2850 3253
1994 8
-497 2020
-1625 -485
-1715 2626
768 -849
-1478 1212
-2667 -723
-1824 1480
-1745 1278
-1418 -1528
2305 3275
-291 580
-899 1555
-332 -101
2395 608
735 -1161
2536 1240
-1208 -1468
2981 -1700
-3184 2223
71 -2928
-2952 2573
-1385 2734
999 1891
-3190 3147
2793 1721
23 389
2920 -296
2021 -2954
-1795 1195
-2527 1596
-933 3259
2197 -3153
409 2212
-2757 -1358
-1323 -198
-321 1960
-8 -2953
518 2330
2006 -1985
1256 688
2134 -425
1171 -2254
2830 1065
-1080 -834
-3241 -1347
-1348 -1816
2819 2696
1970 443
2533 2280
2642 -1562
1319 -3093
184 2398
-1730 2307
392 -914
1734 3218
-730 -1682
1419 -377
435 1670
2575 -120
-924 -2591
3077 -1723
1171 -986
-2684 1882
1989 -558
-979 2992
802 -2860
1752 -851
-760 1935
1213 -2780
-2477 -1889
-1144 2879
1716 1407
93
-2393 427
31 1184
604 -1279
-376 2238
2601 -1120
-1406 2413
-758 1332
-3173 2011
-3083 2347
2741 2472
1938 2988
296 397
856 2639
589 1324
2032 -623
582 3226
-2809 -1638
1022 1104
-1865 -2987
2584 -1096
-2733 1372
-436 -2390
-662 -2560
1903 730
-2608 1449
-3113 -642
-1023 1559
1086 -2535
2977 -821
-1915 3226
863 1771
1852 -1773
2863 -2120
2461 -2704
2015 517
2440 -2841
2310 -1235
-2435 -1290
-940 3204
-1549 1067
1882 2045
2297 826
3052 -1674
1766 -2379
-484 -2062
-1968 -1208
-1212 -1446
-724 714
-1319 -222
2569 -251
-499 -195
1871 -2946
-1302 -181
1566 340
-3270 3045
-2058 -2599
2656 -2880
-392 -886
-2081 -2979
1898 -1968
-2439 1657
-2137 -3057
-3260 -965
-2623 921
-3078 -1791
86 -591
-2294 1547
2072 2592
2645 3218
-1849 514
118 1795
1894 -2303
-1758 -58
231 -1592
-1736 2777
490 408
2199 718
577 -940
1333 -1951
-1091 2086
-1075 -2434
-452 -2452
1801 51
2011 2320
2943 1545
-863 1061
-2775 3256
-1810 -2107
3000 1424
2420 -566
-113 410
1832 1672
2025 1036
-2715 -3146
2022 -564
94
2067 2034
-1417 -2280
-1503 -840
1669 -2368
-1571 -206
-3103 -2312
470 -1534
914 -3143
-1672 -3071
627 -1107
1441 -1580
-1701 -2900
1890 -2366
-927 -2191
-1486 3138
7 337
-341 -3239
2035 -2871
2282 -2166
2511 736
3185 1976
1717 -2498
1088 -879
-1029 1561
-230 -2481
-1610 1577
-2558 -1797
-1451 -2464
-1115 3202
558 2689
1462 -1610
1135 -1463
-1282 -1505
379 -2171
1810 -1360
-2836 2863
-717 -315
2540 1059
-3214 -182
1035 -703
2857 659
-809 -2589
58 1086
-389 709
-573 -2451
-1513 -2957
-1230 -2035
-1046 -228
3155 -985
-769 -919
-1109 -1280
1549 570
2456 1548
-799 -3037
680 1347
-1390 2179
492 -2586
2047 -1711
3262 -958
-1683 1569
-833 -254
-958 -1529
-136 -83
2622 2270
-2667 -1521
-1671 111
1512 -372
2378 1922
-313 -3225
-210 1755
-276 -1964
-1471 -394
1117 1357
1529 -3235
-1745 1238
-2099 1365
2076 2874
-2943 -2457
2774 1541
925 1213
-888 -2989
-2354 -1981
2729 174
-2645 -1091
-1679 1046
-1816 2295
2826 1707
1924 258
-910 2048
-2587 201
2622 252
-824 -713
-765 1980
-2506 2701
2989 1490
271 2061
36
-1576 -2301
1572 2680
3131 -1687
-1765 3050
2247 2993
-1091 -845
-1338 1359
2116 -1419
-1100 729
-2049 1621
1212 1224
-1046 -1588
-346 -2695
2098 2801
1660 1573
-391 -2176
2203 1406
122 -2022
-461 70
-2356 1164
-2386 -2599
1063 -1302
3075 -626
-368 -884
219 3087
-210 2282
2663 200
1391 712
-1100 1724
744 -1434
-1882 2553
-687 -473
2388 -1061
3196 -400
-1224 -2907
-1327 2905
1784 613
1805 1409
55
-3242 2962
-299 -217
-286 1206
-593 -1556
-1430 -1938
1303 2550
294 -999
-2434 -1895
-718 1949
1992 285
1558 -2685
2738 2848
2902 -1419
-2797 1048
1018 1258
2910 1598
-374 3075
-1222 145
-1669 1107
-1244 242
-357 920
2666 -1494
-3064 -1106
1376 -2294
-2610 -2378
-1049 -1554
2936 -2743
-113 150
-1098 -1441
1964 2015
2033 552
3264 139
-2937 1876
196 -1025
-371 1521
2498 -613
-475 -857
2036 -2165
-1846 2499
1941 -3222
1997 -2513
-3189 870
1775 842
2879 1044
-2925 -784
-1259 2463
1675 -142
268 454
2344 1990
3136 -3026
-793 687
2216 -1836
2346 2738
2070 671
-1848 1076
308 1569
558 1838
36
821 -2455
-2139 -1016
650 -918
1648 -1969
-986 1738
459 -250
-2968 2306
1907 603
1887 1697
-996 -234
-325 -2429
-2348 2718
-2921 302
-351 2803
182 -467
-3268 -1679
483 2701
-1442 -1866
194 3257
-20 -1032
-2554 1621
-2044 1909
-938 2046
2518 -1247
2862 1125
3011 -692
-1787 -1461
-2666 396
1352 -2987
-1068 830
-310 44
-1744 2270
2744 1795
1351 -2295
2298 1414
2448 -3086
-3052 -1011
-2248 -895
43
358 -193
2197 -1595
2578 817
-1584 -328
309 -2207
2428 -2881
-1176 -401
864 -1563
-2569 252
1192 1128
1352 3254
-3131 -1482
745 1316
-2074 -2115
859 -1452
-425 915
1044 -1245
1939 1003
231 -351
-605 818
-1787 -2513
1513 -1136
524 -2655
-1900 -692
-2568 1157
538 -1303
2598 -679
-1154 -1045
2533 1693
2132 -1020
-120 -2594
-310 -338
2437 -1384
1316 736
869 -2990
-1483 3056
-44 3206
-2966 -2887
1153 954
-1847 1460
1102 -534
2842 1654
-424 -1564
-2795 -1530
-2809 800
0
1355 -2128
-1391 -2059
31
2251 -1594
23 -19
-2621 -3125
932 801
1926 -294
377 -3008
55 1365
-1509 533
-1662 392
-1566 -1272
-2549 688
-118 557
-1015 1962
-1215 1983
-2715 -2469
498 -395
345 -1336
-2308 1868
-1522 -1868
-2347 1069
-1984 -2491
2770 2559
2537 -1408
556 984
2639 1189
-489 -2135
-1640 3100
505 -595
895 -3112
-1831 -259
-1921 1752
-2022 746
-2389 317
59
2801 743
-2835 -1833
1760 -2812
1076 2897
-3171 2096
-2843 -2179
2306 2319
-2232 1447
2175 1273
-451 2850
316 2376
1135 687
-2522 -711
611 2184
161 -318
-3020 384
-410 2912
-2756 422
-1617 1485
-529 270
3178 1807
-2345 831
-1541 -837
-2108 -2413
-2937 -1053
2387 3145
1314 1773
-2461 -2159
-2037 2639
-1739 1811
-1328 -1798
-2305 -2047
1984 -116
-1323 671
-1866 1619
2805 -2686
-3154 -964
1028 -3104
1207 3072
-1906 -740
-767 73
-1614 -3225
1862 -2663
1480 1468
-663 1529
-2663 2485
160 1224
1700 -2029
-2224 -1680
-1327 1744
1803 -718
-841 -371
1445 -2235
2909 -239
-2558 2070
1300 1029
-1010 -1919
-2283 3133
-617 2153
15 -2603
-954 3158
61
-2957 499
1699 1141
1811 1210
-458 1036
-3256 2898
-3022 -2088
-2531 -794
-2412 1409
-1808 -1176
3027 -1650
-969 -2175
3239 346
-2973 -748
-1609 180
307 -952
-2419 466
-2703 -2412
-664 2605
2852 -1530
3004 3079
1388 2848
-1027 229
298 -626
2478 -293
-2640 -2166
-2837 2247
1336 -2664
-327 1688
1434 3020
2813 1054
-2553 2274
-1044 -497
2301 -120
2593 2991
689 3247
-1449 -23
-789 2973
2415 416
981 1423
2499 1175
-850 1228
3101 3019
-1678 -966
-440 1098
-2325 -1231
669 2510
-2821 -1399
3082 -309
2342 1729
733 2310
-2535 -2169
2544 -54
-397 -1569
194 1012
13 -205
753 -1090
2100 954
1370 2904
996 -1100
2727 2165
-1432 -644
2548 -2588
1630 -294
43
-251 269
1402 -1229
-1344 -122
-359 -445
-2029 -2504
-960 243
-2719 -3049
-1819 1397
2274 -1516
-1993 485
2756 1951
407 1532
2808 -2471
-1642 1687
888 119
-729 1616
2447 2790
1247 1056
2891 1281
3042 572
-213 -2412
-1634 -1784
-2551 1291
346 370
1129 158
1815 -2850
-2618 2312
-1119 -1334
-923 41
1794 1160
1373 1614
2980 2431
2988 -2723
1360 -208
-770 -3118
3019 -2295
-680 -2623
1631 697
-1461 -1123
-181 1842
-2881 601
-329 308
2941 -506
1828 -437
354 3272
70
-3046 550
-2005 -2221
-1388 38
-271 1930
-2310 3183
-1307 -2987
2386 -698
1330 966
-1142 -567
713 -579
-2822 -123
2220 2986
-67 -906
-1201 -599
-1565 -986
1755 -2745
158 -2103
2421 1931
207 -3272
1435 -1778
-1923 1235
-3019 -1042
-704 671
2734 -3031
2805 -760
721 459
1041 -842
1877 296
-452 988
2176 1296
-1009 -774
-1001 -1576
271 -3164
-3137 3180
-3085 1488
410 -1007
3016 1830
-2679 3053
-2418 1010
873 1950
664 -2120
-389 -3020
2612 1184
-1327 2043
3251 -1017
2098 -965
-2038 2977
-1231 -1000
2974 475
-3048 2567
-1051 -600
-1223 -1737
-1060 -444
1026 -322
1876 1203
1980 1718
1141 2470
-763 -1799
-1566 -182
-2832 3132
2571 -2348
3049 -914
808 -242
-1894 -100
-2281 2033
1488 -336
811 2107
2649 -2989
2703 237
-1145 -3182
2847 -1692
-1199 909
97
1158 -509
2624 711
-384 -2537
2722 -1381
-2823 878
218 385
-2830 25
2867 2406
229 -1541
3266 -2570
-361 541
613 -1506
145 2333
708 93
-1383 1465
-2415 -2987
-2396 -2859
-1062 1816
810 -1594
-1775 1948
-2094 3144
-2312 2907
1342 -2447
-2386 -640
1094 626
2356 -3128
122 2239
608 -195
-1910 -326
912 -1267
735 -1960
1190 2529
-2479 51
2061 3166
-2111 2287
1450 -985
1262 -528
2111 862
-2534 616
-2428 -2660
490 -2063
-3138 -1330
2953 1042
441 708
-1922 1425
-2915 6
-110 -3082
2204 2472
-1970 1709
1851 -2942
368 645
1526 3031
-649 1005
-2675 250
740 -2594
1613 -2832
-1779 -1154
-1456 293
-3051 -3224
-2219 639
-2152 -1725
-2644 -1951
2742 2899
1913 1320
2710 -1257
2792 2281
-1261 2373
-2254 224
3132 1039
1599 1561
1542 2721
1545 -38
-2027 -721
-1557 1638
-2182 -2525
-8 1512
-2907 -1753
-2006 -2697
-1129 1653
-2383 -775
-3009 -2429
196 2477
1909 -523
2251 -64
-1917 -1971
-1548 -2666
472 -1078
-711 1148
-2543 -2949
1352 -1031
-1039 -2092
-704 -1560
-655 3239
-2826 -765
-1715 -2587
2598 1165
270 -1785
1725 -1785
2476 -740
