4
99
2042 -452
-1915 -1453
-2476 -2356
-2282 1463
-3273 -2429
1916 -2162
678 -3076
664 2165
-1730 3171
520 446
2303 2710
-2000 483
-706 2685
-2917 -2914
-356 -374
1697 1290
1859 653
-947 3097
2934 -3042
-925 -1035
-991 2767
-3102 -1005
2722 1132
2715 3236
1579 -2521
2338 -13
-1789 -433
-1367 1941
-843 -2868
-2869 462
1017 -2859
-1180 -690
-380 1210
2267 2152
1451 -791
634 -1986
-603 347
2025 -2029
173 -2145
2698 1847
605 -3169
-745 105
-1109 2666
-1452 2520
-2256 -1349
1451 -2338
258 1943
3204 3115
-747 1699
1643 -2788
-2654 -1763
-241 1885
2273 -1058
-2331 2537
1922 -1922
-1779 -1619
2440 -2550
71 -1465
-459 1777
1988 -775
-3244 -1365
-1337 286
-330 -2056
399 -2295
-625 3053
-1795 -2
2890 2165
-2814 2612
1120 2249
-2617 132
-3045 -1996
-361 -2431
1623 -2422
2457 -533
-1142 2645
-2001 2554
-1524 2529
10 -1737
-2431 -429
222 2396
786 -2519
99 -574
-616 -2965
1344 -2027
1748 3069
-226 401
2164 41
145 -1677
14 -2338
866 -1902
-1868 -1339
3162 1815
1871 1358
2662 -2904
-30 1891
-3065 -2725
-204 -247
1784 1305
-2443 -1251
947 1331
-2980 3006
47
2618 1096
3005 885
1568 1002
2021 1235
-2692 2265
-1765 909
-150 -1044
1399 -2819
-997 -1110
1321 1647
1019 1060
3244 -1051
-1624 -1128
-85 1406
-319 -690
-2493 -46
1630 2597
-479 -1212
-157 -1741
1560 -2470
1235 1132
-286 -1992
-413 2323
-1081 1211
213 891
-637 734
1691 -2444
-1917 2934
-2567 2200
-1247 -2976
1015 -515
2272 2430
-1117 -243
159 -2915
-2925 980
2219 -1948
-1628 983
702 1994
-1774 1407
-3170 -1179
1291 1586
6 -2182
2776 -2176
2475 -1536
929 1301
1404 -845
-212 65
-2022 1355
-2743 2067
88
-95 2141
2299 817
812 -387
-2280 -809
-2638 188
-1388 2864
3098 -1161
777 -3114
1469 -272
62 1704
2155 298
-2147 -3054
-1146 -2421
1993 -1515
1384 -1969
-1623 698
-590 16
526 -1988
-573 2619
-1921 -3009
-1130 1826
-801 2885
-828 1181
-2652 -2761
-2062 -1855
-2337 1551
-1887 -3266
-1414 2399
2123 -495
1881 2671
1493 -514
-1274 1514
-483 183
889 713
-3267 -620
291 2478
-1821 2833
21 -144
-2824 115
482 -1781
3106 3037
3212 2567
454 -1089
-2086 -2121
498 1398
-866 779
-634 1811
-1589 -176
1466 2288
3177 -3243
869 -1094
-1793 -873
-1253 2216
927 2353
799 -1097
2107 -331
-2711 -1806
1925 -483
-535 109
1269 -3031
1099 1391
-116 -2990
1290 -2769
-2603 -1834
-2165 82
-2585 -3001
2869 -2492
866 2774
-1980 -2365
-546 1888
-2175 -2496
2702 -442
-2006 2079
2684 -1575
-1806 198
-1402 1709
2492 919
1652 2321
-1387 -1175
-417 2182
-1067 2226
-309 -1388
1365 -849
1644 2292
2807 -3180
3069 1205
-1379 -3114
1863 2798
1427 -176
-495 -1940
96
853 -1721
-3127 -1726
-87 -931
-2930 2044
3116 3177
-1644 -2759
-2192 -2200
1471 -1098
833 554
2389 -1919
1111 2188
-1847 -598
2729 3089
-663 1430
2033 1061
1683 -1170
2756 -751
1673 -1342
-3048 107
2692 -1052
2592 446
1940 -3151
2014 2273
2511 2750
2497 -1232
-790 -2750
740 -2701
1352 -2351
34 -2236
1950 732
802 -809
-1976 -1434
-1317 -518
2766 -1379
1449 -1872
439 364
2167 -555
-2072 -88
2533 665
1888 -1583
2018 -188
-1567 2739
-1918 -2520
-305 2423
-2110 2332
115 104
361 -519
-2594 -3236
-1631 1955
-1926 399
-3094 -921
191 2696
-1711 -1238
1931 -1531
3213 -19
-1048 -2979
-918 -1325
2045 -583
3215 -2563
-1605 -605
1684 -1201
307 150
-1137 2992
2516 1299
2175 2141
-901 813
-1706 -2956
-940 -177
576 -1828
-2794 971
643 -1817
-2402 -1748
428 617
3160 -2690
1582 783
1415 2828
1710 -2955
2874 2898
-809 2653
-2311 1722
-2738 -2221
-1559 -988
-2312 -1322
-1899 -2651
515 386
578 -742
787 -2861
1356 558
-2418 1436
343 2943
-2366 -509
2648 -3189
-1081 928
-3041 -1009
-352 475
2717 -2224
-1471 -1771
-396 272
