45
70
-1488 -115
-2110 1801
-3217 3115
-2763 -395
-2909 -1052
-1370 -1238
-235 1212
-1041 2454
-2662 -1365
2299 -1440
2073 -775
1748 -921
3141 -2675
3250 -1561
373 -673
2472 -386
2685 2588
-2214 765
-2304 1985
2169 327
2401 -2945
-3257 2789
-2697 160
-2638 3003
1890 -1242
869 2410
1107 -641
-1685 -3034
-3265 -3100
-1277 -2351
-2184 1776
946 1235
-1608 1218
228 2300
-2561 -1425
1925 1163
-2315 572
2217 -118
-450 1238
-3223 -2523
982 2910
2393 -1496
-2672 2382
1430 2524
3098 1629
-570 -2183
-942 2086
2300 2272
2687 -895
-1530 1216
2331 -1534
2760 1727
1955 2838
-715 2267
-886 -3219
3108 1914
453 191
2645 1061
-1465 2649
431 -2979
3244 2502
-166 -1518
1061 -709
1552 720
882 2902
-2249 -2755
-1204 2906
2036 -491
1574 884
23 2381
-17 2784
-1192 -1566
64
-408 -957
1691 -2589
-1596 -543
31 -1271
-1804 -386
3020 -2914
-2606 -486
2795 166
-1372 -1212
2636 -139
-1253 -1255
-2654 -2730
1506 -1117
1302 3028
1959 -2655
-1785 -2446
2599 2477
3011 -1889
173 -2919
-655 506
3211 -219
2989 -635
-2061 -324
-3000 1700
-717 2777
-2694 -1062
2355 1965
227 2735
3002 993
-217 2839
3002 3009
-1277 -2083
-771 577
-2944 -1308
-2145 -666
-2631 1039
1610 -539
-383 1590
636 2786
3094 -2965
-2517 -271
-178 994
1739 724
-2220 -2929
2760 -1254
-2416 609
-2705 694
60 -2257
2726 -357
-2650 -552
2414 -1716
1672 2440
-2772 -2329
2479 476
51 -3179
-1062 2922
-1495 1983
580 -100
-1137 -377
-135 2509
-1126 80
1655 967
-500 3255
1787 1312
-503 -1425
-1284 920
48
2310 3005
-767 1057
291 -692
-2197 -1986
-277 3126
1861 3155
-2535 -1537
3203 -1186
-2067 1612
1374 -727
-1824 -531
1585 -907
1238 -1396
2993 1403
-1301 1929
2087 283
2150 253
2796 128
1187 -2283
-69 -1046
1382 3046
-3050 1327
-2010 1524
-1893 1705
440 2091
-91 -948
-2638 2578
798 1963
-3048 1772
478 121
-601 1431
-936 -1648
-3153 -2646
3269 -2834
-1201 -2248
-2676 690
1862 997
-540 -1338
132 2481
-1986 3099
-372 -1398
-1190 2280
-1583 2027
-816 -2722
-819 1398
-2768 -1721
720 -2978
2480 -1535
-2855 -2255
-530 -855
39
1392 2540
2742 536
1021 3159
-1956 -819
-2396 -1805
-2762 -1087
1785 -1036
2958 1871
1033 1357
-569 -1733
-224 1654
1265 767
730 2742
-2144 -2772
2324 -1742
-2194 -1073
3183 -1256
2039 2502
3174 1660
2832 -2567
1993 120
563 2985
-549 2050
1205 -3171
1360 -694
1301 -2991
-3096 1123
-3172 -515
-1856 -2015
1960 203
-1441 2162
430 3046
1066 2103
865 2256
1838 73
-3110 -2555
-990 1873
49 2684
1134 -2175
-1462 2054
-42 3233
51
23 -3248
-1036 -2804
-2147 3226
-1645 -273
-369 2162
-149 -1272
-2452 2303
3067 -1995
-872 -2165
544 2037
2989 2200
2481 -3157
-1284 -1536
-2884 -1556
-2324 3162
3252 1108
-1051 2755
-1404 -1912
503 -2334
-779 -679
2005 -2370
3213 1692
2042 211
-3026 -2279
2319 -2847
-1121 258
-1057 -2488
2772 -1879
1723 -876
-2297 951
-3193 -1106
-1002 -130
2086 2000
-2945 -1459
2009 -1730
353 2473
-1669 2459
-1015 1944
2980 -2559
1089 -1418
212 -1477
1790 -3125
856 1069
719 3087
-1034 -2942
-838 -2668
374 2536
-118 2717
1533 2619
2115 476
2958 503
-768 -2597
-380 3104
5
1023 535
2168 3273
1055 -556
737 3097
-307 2149
350 1172
554 -2465
24
68 -3258
461 -2324
-528 -1814
-1890 -1562
-3256 -2861
1956 -1973
-2406 1075
-1358 560
1591 983
-1415 2594
-2454 -405
719 266
8 -672
-2246 220
-2576 -796
-216 -2249
-1092 2789
-3117 748
-1545 355
1499 -2447
1451 2857
-1328 -948
1004 2031
316 3245
-2622 -1792
2220 2588
93
-1906 -730
1415 2580
-1875 3258
-311 -1252
1918 789
1424 1608
-2735 -2932
622 857
2231 2300
-1714 2301
-2951 -3266
855 -1156
-1883 -1551
-2651 -369
-2919 2268
-880 -3234
223 2958
-136 726
-3001 2108
473 -252
2084 3056
-2883 1317
-226 1895
1086 -1879
1209 -2050
430 589
2375 -633
1662 59
2759 -1425
2831 1243
2671 -454
750 998
1237 2707
1380 -2009
254 -1076
1438 3007
868 2999
-2762 1869
929 663
1695 -1172
-1238 -2682
-1078 -3044
-2374 -2633
-2336 785
-605 -1631
2292 2210
337 -2950
1258 687
-2167 -965
1034 -321
2322 1565
-650 355
1934 989
1569 1707
-564 -2444
844 -2431
1184 1439
-803 3132
2454 243
-482 1386
-1177 -2350
523 -481
1910 -2430
-2907 19
3196 475
-2744 2184
-1324 -881
1110 3057
1022 1894
732 1661
2108 -3188
-3134 -1818
1610 1108
1851 656
-1780 -2390
-2946 -323
1127 -1320
-2162 -778
-2493 2410
-2635 854
1990 -667
2022 1365
-1437 2906
-1470 -2251
2084 -959
-2680 -165
2290 -338
-437 -1435
3096 2985
-1898 -1011
521 -1693
905 1634
1022 1638
-87 -1867
-878 2394
73
2017 -3212
1366 220
-3118 1321
-1425 3159
56 -326
86 -1923
2530 3173
-1364 -2336
2472 2115
-2962 1277
-1515 -1933
2361 1899
-2048 -1915
2175 -1311
-1505 977
-1400 1495
-3040 -1170
2885 -287
-684 -579
-1038 933
-449 2139
2611 1051
-2933 -10
-2800 -1004
922 -2138
-1095 1536
-1328 -2379
-146 2780
1096 -595
-259 -672
-560 1781
-2929 806
-1626 2818
-1359 2669
1888 -2759
-671 -453
-550 921
-2352 236
3148 -431
-2329 1483
-1641 -1056
-1800 -365
-1365 -714
2885 2823
1520 1259
194 2067
-931 3242
-705 -3038
-642 545
1394 -490
-2446 3023
-2416 595
-1466 -2861
-3275 -2534
-1588 2993
-2058 -704
-1730 -2971
-1129 -88
-258 -1475
2990 2565
-2379 505
942 -1467
2017 -3008
-393 -3143
-2436 -2200
1615 1477
-2526 1895
6 2076
1855 2086
3244 865
-3044 -168
2850 2998
-395 -2243
-2024 1729
-2638 -3082
22
-1560 1923
919 -240
2862 3104
-1417 -870
756 -1496
367 -2878
1221 -2164
2915 2559
3104 108
-726 1230
-230 -2726
-1404 -1860
2691 2996
-2701 -623
-1344 1260
-1183 2332
-2367 -668
-1691 -1968
3193 -1887
-1059 -2442
1163 2019
43 -1458
-1514 620
-1362 -808
21
-1071 955
-2730 2764
-1252 273
-2033 -2594
-817 1954
1105 1070
-2711 102
-123 -695
-1175 -1519
962 553
-118 2298
2317 2787
1243 820
-551 2548
1484 1884
-131 -882
2405 -2165
-2690 -1312
-756 -3040
3063 -781
1465 -1554
102 -1254
-579 866
24
-1240 2967
2426 -1740
2393 986
2744 1419
-1104 -2136
2834 -2860
1337 -1056
1822 2605
-507 -107
3200 -3053
-1853 2129
-2098 -2207
1597 -179
390 1900
2966 1352
-1480 2549
1743 669
996 -1986
728 -1959
2615 24
744 734
1884 -630
-2755 -1290
1353 2376
1920 -1264
-2698 2987
57
1298 -961
-233 -1269
-742 708
-101 828
-1468 942
1804 77
2010 2239
2608 -773
1334 -1396
-1076 1396
-2473 -2097
2773 -149
-3131 2201
-1075 -993
-519 2210
2797 -1584
-1400 1813
1638 -323
2413 2965
-1787 2485
-139 1685
-1522 -985
-2757 718
-2588 1804
-1652 2455
-2919 768
-2562 -648
-3171 -1406
799 -71
258 -2661
1356 1642
-581 -2621
245 2339
1273 -2985
1260 961
2665 1750
-1867 -729
-3062 -1626
-2123 700
1858 2443
-2743 -2622
-152 -1872
-2914 3074
1131 1663
-555 -2118
2468 -2019
492 -686
-2464 2028
-3123 1002
2491 2850
-1597 -2888
1682 1154
725 2286
646 -1913
2903 -2981
-1672 -2807
3037 -3013
-2961 -388
-2478 -1238
98
3230 -2777
-898 -372
-666 -1213
1175 -1570
-504 1353
-2961 198
-782 -1874
-782 2830
2924 745
-2387 2674
-3248 -2636
-2061 -3106
2208 -994
-3262 2938
-1106 2254
1903 2433
-3064 2981
-737 -70
1536 881
400 503
1609 2273
-155 -1834
-1414 -1865
2990 -1109
-1552 -1593
-1117 -319
-2669 -2095
3100 -1188
-634 -224
362 2234
-2385 -3251
2769 2860
-427 -1879
1019 -687
-1782 -2171
3001 -2623
1298 1183
249 2862
-2034 1240
655 875
-2111 -263
-617 507
305 2887
-2418 283
771 349
1556 1573
-224 -3004
-278 2767
359 -1631
-1077 430
3116 -2236
2326 -13
249 -2303
1753 1469
1949 -640
3001 -2506
1500 -2989
1200 939
484 -673
-2410 2488
2154 2622
1292 927
1520 1499
-788 -697
217 51
3252 -1243
809 -400
2922 439
-1889 2547
3090 -1259
-3102 -1555
-2106 1203
1555 522
1908 1504
-1189 2300
1824 -352
-437 -1924
-1438 1591
1767 -1985
-189 -2950
1419 -2631
-1564 1575
2462 -1423
-496 987
428 2049
1443 -2251
2657 -1601
-3195 -1862
-2220 940
-891 -1141
-3061 -1423
468 1624
2490 2387
3000 3274
-1090 577
438 -801
389 1909
2643 1869
125 1156
-1871 1824
22
633 1007
3028 -1076
1828 -1658
2612 -332
75 -3199
-1679 3037
-2 2391
1031 1599
-2868 3209
375 807
-1680 921
1402 -1557
532 1206
-476 497
-931 -1685
-2155 -810
496 -3091
-2409 382
780 -1750
2110 371
-1394 -1198
1725 -20
-2267 1557
951 -2393
1
-3091 -1766
-1437 222
3250 -708
51
-3263 2334
1686 2547
443 -239
-2896 755
2701 126
-2898 2783
-2475 2807
2414 -3167
2848 -2716
-787 -917
-3259 -2643
795 1734
1742 1536
-3250 3178
-2939 2837
-177 1581
2105 2550
-546 248
-1034 -687
-432 2530
-700 -696
3053 -538
-3217 2317
-3166 3248
2734 -138
2812 3146
-1123 812
-359 -2745
-1335 -1489
-546 1427
-2530 -895
-3003 -1040
1201 -1953
-3268 3070
-1808 1553
934 1626
-2217 778
2174 -2085
3038 -316
87 -2889
-2946 42
2121 2568
-1294 -1196
-3129 1857
564 -3240
-120 -2114
-514 -2865
2222 -1876
-275 -3159
98 438
-2643 2108
1374 2991
2818 336
27
-1775 -2786
-2286 2993
-2995 -815
-1899 2509
-2288 -3043
3187 1712
2000 2086
-3178 -85
-1223 1150
1009 -1434
-1733 1924
1828 -2119
410 2366
-202 -2905
2621 2582
3001 -335
-2123 333
-1557 1402
940 -2686
1393 2133
1071 -1339
-3197 2501
-461 -1699
338 -3142
-504 2934
-2485 -508
819 2359
2030 -2665
-667 -655
66
2647 -1601
1876 -2734
-640 1617
-123 1897
-1476 -3142
457 83
1780 -1393
-1936 1247
-2024 900
-395 902
-151 -1426
1677 697
-2935 -2541
1879 1438
-100 -1902
-3005 -1140
1373 7
2867 -2169
2515 -2474
-1945 2410
-2630 1916
778 147
-1502 1150
-1658 -910
2781 -3269
3258 -2203
2248 -1263
-2831 3169
2442 2223
-2108 876
3100 2912
-1704 -1234
2917 2055
2426 -2129
2983 -228
3274 -2296
2464 -2222
-1129 -500
-2233 2000
35 -384
1456 2951
1111 -873
-616 -2869
2701 -2029
1081 2763
-2074 -278
2091 -2673
-1295 186
-2274 459
-3154 1200
-3148 2236
-381 1228
743 -44
1884 -2874
-2825 -1313
-2564 1628
3053 1504
797 421
-1455 2071
530 -327
404 -214
3036 -1426
-2528 -2070
-2750 2869
-1072 -1279
1401 -641
-1682 1222
113 1152
7
2799 -2426
-1977 -76
3181 -2852
416 -2980
-858 -1353
-3264 -1278
1220 -685
-1832 1203
-2576 1557
56
-1344 -2959
418 159
715 2134
-433 1460
2169 2208
354 -982
2084 -1181
-3009 1091
2402 -2961
-88 1386
1400 -1919
2010 -1215
662 2113
-2232 -1241
-1890 793
448 2708
-828 165
-368 -174
-2090 2520
-854 340
-1965 -2500
-3064 2727
1683 2377
645 2068
-634 1565
-3081 2343
-1371 -1163
3097 507
1626 -2302
-156 3236
-2807 -831
1091 -2383
-2800 -1030
-1272 2694
291 2714
1444 2997
-1287 -318
-2099 1388
2097 2555
2623 686
-2583 1604
-2272 -1296
-2376 -3015
895 -2529
-2395 1197
-154 -668
-714 -2633
3093 2533
-741 2039
-1434 2825
-2873 698
2557 -276
2504 -96
2969 50
-567 289
1052 1607
2191 -1609
-1410 -420
36
1366 2837
2708 -713
-2311 3244
-2945 -3193
487 -675
237 1062
-180 -1357
-1538 2605
818 484
-1975 -1519
-2635 1262
559 -287
-339 -1301
2440 -2709
1739 -325
600 -2843
710 1642
-2554 2301
-1578 -2449
1439 1305
-1089 -1697
1829 2795
-181 -2399
3024 -1837
2047 -1820
393 3158
10 1112
-153 -368
558 -2217
-1006 2093
-1979 -1604
-77 3252
-1540 1745
-2145 2034
430 -2306
-2261 1904
1610 1596
-1107 2239
60
1520 -3147
2936 -2447
980 -759
-2092 2048
-2229 464
-2065 -3109
-2499 1962
1006 -1890
2214 -2597
535 -2379
-1156 -1298
2576 3061
-401 -928
2297 1491
3030 -1104
354 2068
2252 658
-1211 2916
-1845 -1102
-1331 -2780
-1487 1137
126 676
1028 3042
1647 273
2322 777
2154 596
-1075 -3083
964 1726
825 1866
1579 -247
293 1227
323 2908
-2065 -103
-1666 2583
1625 744
1186 -1312
1912 -210
-274 -151
1241 -864
-1915 3032
-2006 -562
-811 2963
-1257 -387
1259 -2270
2122 2564
-706 -2875
414 2312
-2260 2705
-1328 -1896
1354 3190
-83 -3056
2929 1355
-545 -673
2010 -2995
2165 -2264
-1956 -1025
3043 -1285
542 -2232
1865 2353
2602 -670
2661 2389
-911 -58
15
-1301 -2337
-1920 1952
575 -1439
-402 2830
-549 632
-1247 1986
-348 780
2620 -721
-695 320
-538 -2877
1919 -297
2293 2033
2267 514
-2706 2428
-2213 -1059
-2442 -173
528 227
40
-815 2322
1005 -2692
-256 2423
-3093 2897
2941 349
-2848 349
-1018 833
2309 2287
306 2280
-2202 3241
256 3227
1819 2101
-1521 -2387
3167 1426
-2299 -2437
-2720 1792
2044 2454
2919 -738
2114 -1353
2705 -1080
1494 -2329
977 -1419
1888 -2145
-1727 -2148
2817 2394
-19 406
2280 -23
1898 -404
-245 -859
2813 456
1353 2781
304 -2299
2215 -3273
-2935 -522
-1312 -92
286 2470
2294 -2311
2392 1331
-1578 -1933
1938 -2242
-2634 -987
-2472 -670
72
-1767 1227
-721 -2531
-351 2993
3268 1226
3234 -128
-1860 -1254
2184 3143
-2769 -1638
1796 -2997
-2895 1692
2415 211
1420 1690
-947 1508
-2005 -3036
-961 302
-1864 -1005
376 1423
297 285
-2026 1063
-885 -296
2039 -1422
-1229 2804
-389 -1424
-1155 2697
-2126 173
-3207 -3103
-2064 2001
1511 -1631
1921 3191
2221 -1782
-2789 850
-371 2760
-1062 -275
-970 -1636
2612 -3233
-2681 -2243
315 1624
-3183 -1441
703 -1521
-1302 -2104
-2618 2937
1274 119
1328 -1709
-1756 -1791
-220 -214
2175 -2228
-3137 -1598
-732 -875
-2960 2126
-1710 1538
2775 -1929
2368 1890
-499 2261
-215 795
2140 -1388
-235 3048
-2947 -3259
-1947 1526
-958 -33
-955 2772
-1821 -2405
837 -1614
2423 1891
2094 680
-2705 645
-2603 2955
2728 -630
2922 2155
-2277 -3128
2828 -506
-2303 -2751
39 -441
-2501 1601
-719 -2315
40
885 -1928
-1253 2961
-1311 -758
135 -1466
-1865 1955
3099 925
3036 -1405
2451 -2102
1954 2358
-2231 -3047
-2031 1025
-2992 -1517
-2542 -2285
-2276 -889
551 -907
64 2710
967 -3104
-885 -1987
1823 -215
-193 -2914
1584 245
2024 -1141
-173 3112
-931 -3160
2830 -335
-2780 -1631
977 -1702
-2719 1017
-1258 2726
-1994 -2237
2794 387
1681 1526
-2772 752
-1153 -2849
729 2849
485 -2544
-2429 213
1286 1234
1391 1044
700 -1024
3133 2580
-464 571
55
-2817 -2599
-1216 1080
2028 1755
615 2915
2854 -1423
3223 -1732
-1110 -2908
-1038 2356
1575 1723
-1953 2627
2143 635
2039 -2179
2133 2279
-2606 1739
2627 1148
-307 3195
217 -748
2595 -1623
-5 -612
-1921 1507
471 -2158
-941 2503
-1364 721
1927 2849
1470 -2759
1156 2793
-679 511
-192 -2364
-3082 -2076
1974 3247
-432 -2725
2282 2499
897 -1191
2753 -3051
-2282 -158
1148 -2820
-961 -3177
3198 -235
2648 403
1448 930
2548 1225
-2232 -3150
2096 -3268
-2624 2101
-2222 298
-2511 -1520
-1263 -2439
253 3008
454 2925
-1161 872
-3202 -3248
1071 -2577
-1852 -947
2041 1532
-452 3258
1344 -1469
-2370 -1961
7
-550 -2613
1885 -191
171 1839
3245 959
766 282
-2992 -394
980 522
-2206 717
-1724 -929
68
693 -2145
-2076 866
1728 676
2540 -2845
-2237 1791
3037 -2911
-1309 907
-2412 297
-927 -2596
-1825 -2902
-1257 1774
-3073 -872
159 3059
1883 -2882
-741 2278
2796 -2216
-2683 1532
61 2987
472 869
2818 2411
211 1077
3090 2816
3093 -3031
1454 -1453
668 -2335
1444 -3008
273 -716
-2258 933
-2397 1539
-2264 -683
-987 507
-2119 -104
258 -3070
367 -873
2709 1331
2644 -639
1170 -1632
355 1770
-837 2572
-2547 734
-3202 1642
-2092 67
-1247 2811
1764 1343
-2026 1307
-54 3050
397 884
-3192 1540
2382 3148
-340 1726
-2727 180
-500 2693
-1344 -729
-377 2644
-1531 -1788
2876 -2294
-2554 585
2375 319
-395 -1060
-1197 -1390
-2753 -3099
979 -2295
1991 -737
3180 -1158
450 -2552
2411 25
3107 -2647
2038 1187
2971 -101
-2102 2752
65
1573 -2761
-1023 904
2315 1931
3064 -1702
1160 2283
1834 390
-1859 933
-2733 -1708
955 -434
1731 2105
-452 -936
-2307 2277
739 1979
-95 1593
768 -1312
-108 -535
-737 2279
1986 -298
244 -1415
1284 801
1941 3112
2471 -725
3227 -958
-1145 -74
1352 -120
2896 549
2335 2681
673 -1344
-2049 787
-2434 2919
-368 1390
3241 2925
-454 -1535
-2746 431
1893 -2489
3117 -1138
-2195 1633
-2365 2076
1833 -412
-258 1363
-1405 689
-13 -1821
2100 3156
-2637 -1876
1618 2418
1299 161
667 -3177
2364 315
1372 1297
675 3062
1645 2576
-3158 -326
-328 -2949
1905 -2725
1213 -2353
526 1114
-454 -627
-1129 216
-2969 -693
1829 544
-1991 -1881
384 -223
1352 -2864
-1874 -295
-1361 -2704
410 -1894
-370 -2027
76
1796 -1154
-2808 -2127
-1157 98
-2904 2594
2651 -1522
-1844 -1856
1458 525
68 586
-1125 -1186
-335 1684
1405 257
2682 2226
2761 2152
-2342 -637
412 1666
1284 -2257
950 2614
-1730 1833
1808 1969
-952 1524
1310 1400
408 2664
-2095 2476
-1202 1653
-1549 418
1302 753
289 -2590
1897 1023
1942 -551
-2299 -2003
1213 -3068
-2568 -1505
-2553 1790
-1466 -2620
-1355 -3241
985 -3176
-1820 -833
-3191 198
-58 301
-968 -349
-1445 1944
-2310 1688
1783 2832
-577 3138
2823 -1767
-1382 -2628
2671 277
-718 1748
3243 -2140
1841 1899
3087 3120
-179 -100
2478 2625
-1332 1106
1899 -2798
-179 701
883 -819
10 1293
1146 1114
-451 -1571
-2813 -2269
-834 -2812
-115 977
-1129 2852
2199 3006
-964 337
-2250 1004
-393 2330
390 1917
-2566 2832
-1495 -1690
-2639 2341
-540 -710
-2702 2800
532 843
125 2909
-937 2387
836 1557
1
-3155 -460
-2011 2667
-1201 1577
55
-3075 -937
-2017 1928
-1214 3042
2741 2292
2657 1192
-3108 -446
-2568 1971
2468 3162
-2590 -1051
-16 -1587
-2008 660
-2806 1815
-3099 -568
1342 2952
-3208 2644
-682 -675
3211 1589
2071 -935
-1979 2034
-1756 -163
1942 -175
-3152 2378
-2060 1516
-3258 -1286
-751 2395
1732 2548
-3130 -1424
-2539 -2917
1714 57
-1561 57
2743 2158
1014 2036
3072 392
1976 -490
136 -286
2584 -789
1306 -2062
-3111 194
-2008 -2424
64 2986
1153 -430
1304 885
-943 -1937
856 721
-354 1623
1776 -2289
-210 -3073
-1164 -1425
2992 -2648
1733 -2064
-1828 265
-664 -2694
1988 286
-75 2941
-632 -2041
1414 256
-142 -305
19
424 161
1735 -1426
-2560 -454
2731 1925
1939 2861
2354 2986
-1727 2457
-1182 440
284 -3036
-2614 -123
-1725 -3064
1517 -1413
568 -2564
2367 1151
-3002 1695
2625 -1157
-2683 -1451
-464 -2071
2392 736
2181 -3160
3037 2058
62
-299 -1634
-1907 -1998
-36 -2146
-2793 1853
2118 -2488
1883 3133
180 -1462
-1412 -3076
328 1682
-566 911
-1698 1280
-1843 3239
2012 -1833
1602 -2812
2388 -1946
355 -376
-1939 2718
-1053 -535
-1191 -619
-2957 2042
1230 3250
-2840 2024
1993 -1869
-2283 -2770
-1219 2720
3239 54
-3204 676
229 -321
-1715 -207
-747 -2651
56 1120
-2961 452
-1409 1921
1283 -300
-143 -38
1759 -2943
-1607 -2425
-1473 2923
-249 1849
1648 -495
-1477 3182
-3120 -1904
637 1065
882 -166
-795 -2222
-2591 108
-2678 -2892
-1144 824
2295 925
810 -304
-1077 -3179
-1712 -244
1617 980
-1103 3171
1224 -3241
1366 -1527
-1292 126
-906 419
2163 -2809
1272 -1154
328 -2859
-222 -3174
-1740 466
584 1777
46
679 2014
596 -766
348 -66
829 1871
2079 2108
-118 -424
-2146 2505
-2845 2721
-1293 3187
-1628 -2979
-1098 3046
-237 -2464
565 3099
729 74
-1946 -1334
-30 3166
-1112 111
465 856
2585 1616
-218 -984
2900 -2059
-1303 -1545
3132 3272
2076 -2838
-371 -2758
-626 752
-3029 -238
944 -1164
-2650 2732
-811 1140
1833 382
-2153 2372
-1921 -2090
-1468 485
1506 -2602
739 605
-1921 -1240
-2803 1042
-2715 -351
-1662 2076
-1915 2066
-1337 -1851
3036 -458
1436 -1456
29 -2813
-3267 -2849
1896 -1013
-2057 -1219
7
-561 -3062
-57 2573
884 -2083
-2879 2781
3109 -2137
3113 -1607
-1820 1652
2003 -894
-986 1318
27
-2850 -1225
1388 -2152
2993 -1978
-1911 -1438
-1159 -3011
-1691 -1092
2288 -1825
-2366 -46
-2843 -76
1488 2068
-620 2592
1826 -2853
-3058 1013
3257 -2047
-1279 -1046
962 808
2505 -1687
2770 1075
-3026 2469
3015 -2659
403 -2976
-2973 1380
-1591 -593
-408 3040
1147 -998
-1082 759
-2760 -2369
-1697 1310
-180 2220
21
2004 -2613
966 -2231
-640 1537
-912 2688
2216 62
1320 -389
826 -1002
11 -2857
-2724 -3119
1686 2672
-2993 -2689
-2188 -538
-1473 2261
-2864 -199
167 3163
1973 644
-3195 -1656
1720 2511
2724 1403
2656 -3097
507 -862
-1248 -3003
-2671 -1038
40
-1994 585
-2920 -1306
-2007 -101
858 488
-2414 -1598
-192 -2620
-37 -2033
-678 -581
-3042 -2056
2177 -994
279 1989
-2242 2632
-2376 -3130
-11 -3220
2396 -3105
3004 -1645
1419 -1086
-3086 -1190
-2865 596
-2588 -1417
1300 -1050
1668 -3117
2098 -1849
2185 2104
-322 -2087
-1926 1677
1521 2289
960 -1806
2438 -1924
-2901 2555
-1946 -2680
2580 -1609
739 1539
665 -409
-584 419
525 -3169
-1732 -748
-339 -2100
1451 -3100
1060 340
-1373 1599
-2652 2882
66
1210 599
-263 -1523
174 -580
404 -326
2045 -3137
-1984 -2136
412 2463
-2796 2947
-1911 -965
790 -504
-1071 -1034
1475 155
-2453 -2012
1392 -2122
-2058 -148
1828 -706
2103 -2456
1333 -2777
-2544 -2622
1839 -2419
1549 3267
-2051 167
-3266 -322
524 -1848
-2615 2745
2578 35
3121 -1383
1392 2910
-1668 -937
-265 -961
-965 2315
-1742 422
1478 -2452
-1257 649
-1114 1461
-274 3085
2583 -249
-204 112
844 3265
-2782 -3025
-1585 -2341
-2432 1524
-438 2325
-1417 -2684
-2576 -1113
-2561 3171
1385 -1571
2991 2352
-251 824
-2424 2844
-360 -409
-2639 -3268
593 3097
-2250 -2622
-934 2970
1676 -1696
-1763 -1774
-62 3193
-317 1608
413 -879
-213 -2895
-2474 1785
-156 1010
-1403 1317
638 -1401
-2910 -303
178 -1584
1172 2157
74
-807 1036
-278 -1291
-2802 225
2916 -2475
361 -2971
-1555 -2924
-1676 707
1281 -496
-1780 2821
1460 1029
205 -965
-1295 1468
2228 194
-2605 -3248
2753 1110
187 1924
-745 -949
1010 1465
1040 873
-1481 -738
-1236 2127
-1006 -2745
-1484 74
2534 -544
1957 2577
-1841 -1308
3098 1402
-1745 -3030
1948 1277
-3022 -1732
976 2350
1316 2693
-1521 1785
2349 89
1355 3194
-1946 -1553
-415 -2246
513 2752
1975 -2558
-1222 -1382
916 -1235
-1426 2696
943 1374
-2320 -1101
1470 1784
-1938 3012
119 2624
-625 2603
1120 -2622
892 -1869
981 2838
-1741 -1354
483 2093
1739 46
-1315 2767
3193 3180
-3046 2741
-2530 458
-898 -1271
-1637 1745
-580 1639
-154 2165
996 3209
387 1592
-1548 1232
-2502 -2452
-2824 2603
2661 -1852
516 550
1194 1567
2433 -2562
2200 1480
55 -1995
-2701 1124
860 -513
-1444 1802
43
-3021 1416
-2933 -313
-2840 -687
-109 -586
1697 -221
115 -320
2370 1428
-1511 -1992
1258 300
-1015 1702
3234 2846
-1636 1874
1965 -1946
721 -1074
-2844 -444
-286 -588
1477 -1266
1641 -285
-725 1050
-290 -1305
1508 -2798
1910 101
2167 -2510
-1436 1029
-1302 635
2837 656
-144 1135
639 -2748
83 -333
625 -560
-2124 2289
2280 3118
1041 -2192
-2629 1484
3019 -1817
2796 -1406
-1134 2075
68 3225
2680 -1603
-2510 -1869
72 664
1915 2963
-517 -1583
-104 -903
3100 3140
81
2018 2948
3117 -1149
-1448 2067
-1067 1565
-292 2722
-2217 456
-2283 2162
-1027 2076
3065 -2500
1954 2310
1751 -1181
2698 1665
-1566 -1255
-146 1132
-1396 -2865
-2511 -2532
1206 3271
-164 -10
802 -2083
-3189 -1144
-1517 -2847
2226 -3216
-455 549
1766 2259
-1346 -2786
6 915
-184 -2308
3227 625
-3220 -1408
714 -2851
1816 -1951
-1778 2524
2694 -207
-793 -2079
630 -1181
1720 2433
-616 1549
-2427 -321
-2539 1695
-2707 -1352
3062 2558
-2896 -268
-150 -1180
-1469 -3081
107 2644
1996 -1154
2239 71
-2054 -2024
906 186
1339 1206
-1490 -2264
-1035 2083
-467 1186
-2792 2382
-1335 -2261
-1640 2993
331 2307
-243 2164
-3153 -2465
3186 -316
-947 -2436
-816 2494
-933 -223
-6 -1313
-1844 -458
-1280 -499
1175 2424
-1353 -995
-2746 -2250
1087 -1988
2496 -2669
-394 -121
-863 971
1363 3098
-243 -1363
-903 -1359
-685 974
-871 2584
500 -325
-1152 -4
-2763 -1282
3192 -1199
-1610 -1951
