22
45
2590 -2853
2246 -3029
2692 -1350
369 1564
-2093 1137
-144 -1954
15 -1714
-961 -830
1090 2341
-210 -505
1356 -2209
892 -94
2865 1355
894 -2439
-2032 90
-2929 3251
-1649 2734
3263 1320
825 -1333
-2782 961
-1274 1303
1159 1460
-1727 838
1394 -2248
2144 360
-1373 1915
1041 -1799
3071 -688
-271 2767
2089 -1187
668 2663
3249 1840
888 214
536 -1593
-2947 1571
-3025 2822
2284 274
1861 1482
1047 1571
-2683 -160
1301 -1
2012 1178
550 -1362
-164 2530
-1957 1635
1238 -1028
72 700
15
2051 40
-3103 -3208
2589 2523
1679 -1763
1592 3189
-404 147
3031 -756
2213 -809
-2151 280
-1013 -223
-321 2718
-634 -385
-2317 3172
-792 -673
-3051 -1792
-1562 -2504
-1259 -375
77
-101 1479
-3152 -2512
-1437 2440
2948 -1795
2774 -2252
1046 -2233
-887 161
2778 2286
-2310 2566
3245 850
167 -1605
1453 3095
1307 3023
723 1102
2467 -2915
-2371 -2440
-322 314
770 -2330
-2429 835
2062 2188
1655 1051
732 547
2025 2151
0 -2310
-3213 -2408
1627 1455
-1501 2809
2890 1253
1368 -2605
381 3180
1977 2303
-2730 1390
2122 2502
1116 -1660
-2725 -2713
2547 -1017
-2846 -593
784 -2057
771 -1177
-2664 -1633
-1001 1877
2714 2095
-3016 -1681
289 -1757
-1646 -1377
-2173 -2481
2231 -2223
-1855 667
-610 40
-2246 -3268
2666 1224
3243 1660
-2267 2227
2949 955
-211 749
-676 679
2443 1633
-2481 2190
1034 1433
2539 1342
-1788 -1155
-2389 -2373
-2951 3155
-3114 -3149
2684 -1303
2992 2482
1830 -1112
-972 3048
-1390 980
-1048 -1055
-2610 1748
-934 1737
3041 -481
-3179 2849
1564 2008
2429 2603
1527 -1875
-1385 348
1331 -2632
92
2717 -1364
-607 1276
1675 2436
127 1971
391 -1496
309 -356
2135 364
648 1069
-632 -71
876 -763
3239 3190
2306 781
1856 1094
812 239
205 -2719
-2213 -649
-2531 -2515
2056 1857
-304 -250
-1634 -350
1552 2515
1386 -2714
1004 -616
1743 -1575
-2639 898
-1076 -1095
3040 -2855
140 -864
-95 -1023
2413 1352
92 -2879
1407 -2548
1253 2859
2324 -455
-357 -493
-1658 -1276
433 2870
-374 1580
-1784 -103
415 197
-2267 1060
586 -2226
135 -712
1996 2514
-472 -3071
2466 745
2513 -2652
-1693 -2415
-745 619
-1483 944
232 3118
-929 -2679
-2271 -59
-2147 -683
1628 1613
671 1888
3088 -1841
2784 -991
2802 -2566
2926 -1480
1013 -642
-2278 -1068
-999 -2163
-3186 -83
-1949 2264
547 -1355
-1438 -2979
2845 1873
-785 1130
-678 2427
-58 -164
1272 2747
1220 -2382
-2343 1096
-2273 551
-2682 -1098
-805 2406
1540 3094
-2571 -2199
622 -628
2660 -2686
2023 97
1170 -161
804 -853
-125 -574
1409 2298
-1482 2468
2203 -1659
545 942
-1382 -398
2092 -536
628 2686
666 166
-160 -447
5
723 -1342
-2091 -618
2796 -685
-1522 -1678
-402 -1242
-3040 3143
8 674
80
-3102 -2117
-124 1803
-1771 -3187
535 3126
2279 295
-784 -967
2665 2778
-901 1389
-1109 -473
581 1572
-2477 1068
-1891 1232
-1373 -706
-2568 -2324
469 -2987
-1225 -2730
-1892 -1561
-2051 -294
-1799 1890
1736 3192
-2335 -1261
-2155 -1606
-2097 -2575
-236 -629
1785 -2226
-360 -50
-587 797
544 2258
2865 270
-1110 50
1764 -627
-679 -234
-2312 2902
2206 1814
800 1757
207 -1772
2092 1528
-3244 -2608
-1374 -1056
751 34
-2685 894
1046 -412
620 2161
-11 2040
-1371 138
-1704 2912
2914 1085
1186 -938
1070 1814
-1067 1557
1155 -1940
-1868 2215
-1766 3010
-664 564
-1356 -2086
-1157 521
-3046 -2823
-2078 501
-2855 819
-938 -1029
809 2451
-700 -536
1913 -2592
-2635 208
-526 -1063
3018 -2850
3256 -2494
429 -2692
-1446 -2667
-2401 -1989
2033 3206
2311 -1205
-411 1745
1291 -1009
1521 -3010
2756 2087
-199 -233
-957 1068
585 1854
198 1740
3123 2842
-2318 3139
46
67 -2431
1668 -3269
-1321 -2883
264 2960
1338 2799
304 2994
2286 -2996
-75 730
-769 -426
50 -1348
384 1288
166 133
-2589 204
2015 -2807
-2710 -255
932 -2065
428 -405
2277 -981
1534 2538
-51 2977
1170 -2570
-483 -723
-556 -3254
-978 13
2842 404
-694 -1782
79 2901
-1208 -2976
-1089 3232
-1106 1855
-2843 2361
2260 -1812
-2674 -752
1658 -620
-1415 -1057
-270 -1331
-2494 -559
2372 -1398
2253 1516
508 -2323
-725 -1131
284 -2935
-1295 -410
2115 -2403
-2691 1610
-107 2731
-2231 -813
-217 -295
36
2745 -62
-2102 -3170
124 -3218
-1099 -562
2176 -530
-1623 -1023
-2675 481
2030 -1062
1319 -2651
600 1681
-2983 -1234
3159 3017
2524 -574
955 -928
-719 3137
-3147 1108
-1083 -182
2175 2906
1532 -2222
585 -3039
-2626 3262
-319 -1571
-654 21
3172 2403
-2071 2393
-612 1459
-1868 2725
-3197 -3267
1331 -742
785 -2995
-1800 1308
1046 1975
-143 -1549
-3247 -1886
-2123 2149
2436 1724
1811 -1020
3238 -980
37
2057 -2294
-1353 -3161
-256 -2386
34 -2943
435 -1673
-1356 801
-1719 1463
-773 -3026
-2488 2402
1775 1641
2872 -1736
-1504 2830
377 -701
2952 -2090
2672 1988
652 -2371
-166 430
-381 -2209
3030 -915
-1549 1168
-2086 811
2368 3102
2856 2292
-2513 2730
-3127 142
-2426 -3276
444 -2085
-2079 -2059
-511 1568
1082 -1008
916 -1261
1298 -441
49 2394
427 1684
2078 -415
1328 2684
2863 -2512
-1238 -863
909 2272
38
-1571 -3021
-1210 2830
-2591 648
-2319 550
-2475 -321
-2044 -573
2486 -2994
1251 806
2756 1710
2500 -746
493 411
1368 -3037
89 -3212
-955 778
-1882 3176
-296 -277
-466 2171
-507 618
-1746 2542
-1538 1432
69 -979
1621 605
-1168 -928
-908 3189
-331 -426
299 2134
-109 -2751
-257 948
2998 -2344
-1312 407
-1373 -810
-2030 -492
-2697 -2614
-2873 1386
-1279 447
-1308 3178
2552 1518
-1400 -2753
1146 2684
-1855 -696
15
-1622 1293
-828 -2609
2991 2794
-1595 -2928
-1166 -17
-1211 -2099
1824 728
-76 121
1878 138
712 2013
1079 -2953
-1940 1854
2822 230
-2437 954
-1363 -1339
-2920 -2566
-475 -3250
92
2322 1006
-587 1851
1629 3051
-492 1802
-1926 -165
3074 1740
1367 -410
816 -20
-2398 909
-3089 513
2057 -2212
-305 840
-2919 3197
2242 1028
-2579 -1570
319 -1977
854 892
432 1533
-3270 -1187
1505 1352
2872 -1598
-3187 -2187
-2192 -2901
2413 -3258
381 2253
-1214 1986
-553 1850
2840 -1872
-2501 -2981
2670 -616
-2956 3056
-228 -2009
-2970 998
-1011 3128
2333 -384
-2045 -980
-3226 25
411 -2638
2302 -791
1110 -2168
-1257 -1444
2334 -2429
224 161
-3254 1324
3035 2076
-2856 -401
-1802 -2478
-396 1108
3165 -1268
2045 3179
2038 -1497
-1867 -1465
-2656 -1147
1627 2518
1595 -1244
-1777 2037
2500 61
3256 -1497
833 994
1521 -1536
684 1312
463 -994
-922 -67
-566 1796
151 -2751
-2175 1233
3169 2007
-686 1842
719 409
420 2020
1744 -2179
32 -749
440 2753
42 3080
-2754 2594
-1181 1467
2820 -1249
-2173 2510
1487 -793
-1103 595
-2916 -1066
-1156 2888
-1224 2244
2512 -893
-2769 2281
-2918 2136
-245 3083
-1909 1244
-2424 1365
127 3261
1956 2301
-24 28
1023 1543
-1180 -2935
33
-526 68
2375 -2389
-2146 1652
2003 -2247
-2477 1485
3229 -2151
477 -2798
2517 223
1499 594
-2347 -982
-1427 1724
1290 -2689
-158 -2028
1136 2946
-1638 -816
-1121 331
441 -1372
-1714 1421
-1256 -2427
-2955 188
1827 -2578
3151 2018
-717 -2748
451 -13
-1289 1349
-1049 3209
2004 1044
-3102 1078
2350 -581
790 -1335
1975 -1967
2528 760
1194 -2225
2646 -2818
375 -1010
67
-156 -670
1792 -79
2398 -3129
-2069 -894
-743 1318
3250 -204
3162 2124
1633 797
259 -51
-2350 -582
-1736 2026
-1530 1844
-1047 1270
32 1415
-113 -2972
1022 49
-1191 -2333
516 1477
2887 -440
-1324 1915
2133 1812
3268 -2017
-2749 -671
-822 2238
39 -1494
-1207 -1988
-2989 995
-3071 1287
-1291 2299
-853 2209
380 2612
-583 -1848
502 -3035
954 -2030
728 -1179
552 -3210
-2874 1726
376 -2539
1485 -2309
1607 -1213
2159 -1682
-2639 -1949
-319 2486
448 84
-1140 -1439
1122 -214
-1255 -185
560 -1866
1633 -1999
-2760 2294
925 -1902
1005 3069
-2344 -1419
-651 -842
-1233 -526
3244 -1490
1876 -1889
-1742 -54
3100 2131
-2601 1565
412 -2920
2877 -132
155 -695
-680 -2434
1110 -1239
-492 -136
-269 2415
-793 -2529
-2066 -3035
79
2579 2914
181 -3171
-3034 2368
-3003 -3140
-2756 2820
2488 -916
377 1559
2403 -2772
3169 -2786
1083 278
-2745 2395
2029 -2596
-2440 361
1824 1923
-2133 -2397
568 -1993
2400 1456
-2809 -2540
1161 -793
-1211 -2360
350 -44
367 557
2385 -1589
-1600 1454
50 -694
-1373 -2281
-1545 1190
-490 3041
70 -2380
781 -1156
3224 -2351
-2044 3236
1190 -1794
233 1234
-426 -2759
-2887 2361
-691 -965
2800 -2328
109 448
-463 596
1741 -1410
1056 -931
-1184 -1949
-1942 560
1757 -1468
489 567
3053 -621
-2705 3095
-2950 -3073
-1890 910
-3027 -2685
-2413 -1622
211 839
-2343 1381
-611 2589
-1240 2930
548 -2949
2706 -3191
851 770
2155 -411
1624 2194
-2495 1854
1776 -2945
-2530 2746
-1912 -2479
9 2773
2683 -1106
-173 2288
1606 584
-1952 -128
-1720 -1525
-3134 1512
-868 -1655
-2424 1907
2712 -167
-2771 2688
2399 1263
2721 -927
-2010 1332
-411 -1228
1956 -1014
32
423 1377
-1690 -2198
-3079 -471
1020 2744
-121 1642
216 -2418
-1654 -3274
318 -95
2844 3222
-1411 -901
926 817
-679 108
2027 964
-1644 -1632
-1008 728
1427 2934
671 -1582
-916 -327
2196 2857
3030 1118
-1746 -581
1785 2811
428 1325
-1259 420
607 -1858
-406 1050
250 154
-2530 -1269
2827 -2059
-3237 2522
-1348 -1090
1148 -1214
1417 1204
-1238 2354
21
217 -1129
763 -2165
-888 -2467
2561 973
-2565 -1417
15 1580
365 1856
15 -1578
865 -1229
1824 -3084
1712 1485
-1720 -73
1671 145
2464 1265
2497 485
-397 -334
-925 -2766
635 -3237
-2553 2733
-1222 -1953
-1296 -454
-2592 2147
-183 1425
60
-1618 -2160
-1181 -482
1377 -1806
1477 587
1084 2865
1646 -515
505 -722
-692 -1497
-302 -835
-2579 1486
-15 1226
1183 591
3171 -1004
-2868 496
2355 1713
3217 -2302
-1742 -2356
-2852 -1632
3244 85
-637 567
-1316 509
1845 -1619
-771 1501
0 1
77 2085
-449 1680
-3208 -2505
-1739 -2223
1982 -1094
64 154
-2586 2952
-661 -1620
-2045 -1324
655 237
662 -2553
-46 656
-222 1522
-1306 -1644
1477 -2623
1467 -1702
-2016 -2974
-2889 1470
-1149 2653
-1899 -1777
198 -1153
-2441 2124
-1233 -1510
2725 692
2866 -2392
-1867 -2203
1355 -1906
-1888 -738
-324 1493
1321 2451
2543 2724
-526 3257
-2431 -2785
962 2075
-383 2948
-318 2692
-1001 1368
-332 -117
93
-181 -2290
2494 -3032
2374 -215
838 2491
541 -196
-3125 1976
-1230 1170
244 -513
-1980 682
-1526 2348
-1799 -1232
-157 1097
788 -2305
-367 -2398
-214 -2992
549 -158
2208 -884
2687 -1617
-2529 -1334
2939 1025
-1575 2930
2753 -2476
-287 -282
-1525 -2022
75 -989
-970 1392
2581 -320
1305 -2006
174 -1246
-1525 2642
-1602 -2080
-655 1385
-240 -16
585 2458
-2824 793
-2780 2675
2872 1422
2387 448
-2388 2557
-468 2164
2896 -2449
-2140 -1986
1617 -2705
-2928 -2142
2483 -1439
2267 1722
2289 -822
2746 1852
60 1341
-352 -3236
1259 -522
-907 -2700
1814 -234
-330 -648
955 2270
1985 -256
1568 -251
-2526 -1542
-2247 105
-529 -1764
-1847 -2275
-938 -840
-899 -962
360 -1433
-2196 -2004
1413 -1217
1352 -1779
2757 2639
-1813 1105
-3263 -2754
-2746 37
2550 625
-1922 130
799 -66
598 1108
-1921 1112
-2226 -238
-1434 2548
1024 -782
-2337 -599
-394 -1608
1897 -2581
911 684
2929 -2297
1850 870
1247 -102
-1939 2870
-568 -3194
-1415 -2019
-918 -1053
1207 760
2813 -2875
1830 -695
2405 3217
2937 -432
1
2407 2093
28 2160
-262 3236
30
-1146 42
-287 -3088
-1464 454
83 2642
-1885 -2869
2035 3267
2380 -461
-2731 -2889
1814 -2038
-2007 -1843
-927 -2930
-2572 -1833
-2987 3091
52 626
1579 2834
1878 2964
1151 963
198 2669
-250 -1054
-439 -981
-351 -817
2941 -2159
864 -1822
698 407
-3066 -1841
-586 1918
-1549 3244
2733 -2860
472 -587
2156 -2268
-2626 1369
-318 -192
2
347 -3218
1813 1895
708 -1451
-1408 270
